#ID DescID UPID Flags Uparent_Dist X Y Z VX VY VZ M V MP VMP R Rank1 Rank2 RA RARank SM ICL SFR obs_SM obs_SFR SSFR SM/HM obs_UV
#UniverseMachine Version: 1.0
#Columns:
#ID: Unique halo ID
#DescID: ID of descendant halo (or -1 at z=0).
#UPID: -1 for central halos, otherwise, ID of largest parent halo
#Flags: Ignore
#Uparent_Dist: Ignore
#X Y Z: halo position (comoving Mpc/h)
#VX VY VZ: halo velocity (physical peculiar km/s)
#M: Halo mass (Bryan & Norman 1998 virial mass, Msun)
#V: Halo vmax (physical km/s)
#MP: Halo peak historical mass (BN98 vir, Msun)
#VMP: Halo vmax at the time when peak mass was reached.
#R: Halo radius (BN98 vir, comoving kpc/h)
#Rank1: halo rank in Delta_vmax (see UniverseMachine paper)
#Rank2, RA, RARank: Ignore
#SM: True stellar mass (Msun)
#ICL: True intracluster stellar mass (Msun)
#SFR: True star formation rate (Msun/yr)
#Obs_SM: observed stellar mass, including random & systematic errors (Msun)
#Obs_SFR: observed SFR, including random & systematic errors (Msun/yr)
#SSFR: observed SSFR
#SMHM: SM/HM ratio
#Obs_UV: Observed UV Magnitude (M_1500 AB)
#h = 0.680000
#Omega_Matter = 0.307115
#Omega_Lambda = 0.692885
#Box size: 250.000000 Mpc/h
#Note: all halo masses converted to be in Msun, not Msun/h.
#ID DescID UPID Flags Uparent_Dist X Y Z VX VY VZ M V MP VMP R Rank1 Rank2 RA RARank SM ICL SFR obs_SM obs_SFR SSFR SM/HM obs_UV
444 7591 -1 131 2.000000 21.481119 21.284189 93.813988 -62.630001 34.450001 15.020000 1.367e+09 58.340000 1.367e+09 58.340000 24.473000 -1.402584 -5.612001 0.727540 0.727540 7.337e+01 0.000e+00 4.075e-07 8.172e+01 3.871e-07 4.737e-09 5.366e-08 -2.317
757 7716 -1 131 2.000000 19.273991 60.499088 118.821877 76.629997 -118.919998 27.410000 6.837e+09 120.099998 6.837e+09 120.099998 41.848000 -1.455343 -5.612001 1.122619 1.122619 2.585e-07 0.000e+00 1.436e-15 2.879e-07 1.364e-15 4.737e-09 3.781e-17 18.815
60 7669 -1 131 2.000000 19.566561 59.120892 3.631980 -31.370001 23.379999 43.709999 5.925e+09 93.260002 5.925e+09 93.260002 39.897999 -0.688992 -5.612001 -1.165154 -1.165154 7.457e-05 0.000e+00 4.142e-13 8.306e-05 3.934e-13 4.737e-09 1.259e-14 12.665
61 7672 -1 131 2.000000 19.561119 59.014290 3.133230 -29.139999 51.959999 127.120003 3.874e+09 80.180000 3.874e+09 80.180000 34.630001 -0.222356 0.292673 0.375280 0.375280 1.396e-02 0.000e+00 7.754e-11 1.436e-03 7.366e-11 5.130e-08 3.604e-12 6.984
1520 7851 -1 131 2.000000 5.047650 62.537498 216.605637 -66.820000 43.430000 24.320000 2.963e+09 90.680000 2.963e+09 90.680000 31.667000 -0.518917 -5.612001 -0.007564 -0.007564 3.499e-04 0.000e+00 1.944e-12 3.333e-04 1.846e-12 5.539e-09 1.181e-13 10.987
1521 7851 -1 1 2.195304 5.050820 62.531460 216.674820 -71.699997 29.360001 -44.360001 2.735e+09 70.730003 2.735e+09 70.730003 30.834000 0.200630 5.700492 -1.068524 -1.068524 1.949e-01 0.000e+00 1.083e-09 2.514e-01 1.029e-09 4.091e-09 7.127e-11 4.122
1219 7839 -1 131 2.000000 21.732389 89.430168 177.853134 -97.500000 -4.250000 128.169998 2.051e+09 64.639999 2.051e+09 64.639999 28.014000 -0.387429 -5.612001 -0.243272 -0.243272 3.247e+00 0.000e+00 1.803e-08 3.616e+00 1.713e-08 4.737e-09 1.583e-09 1.068
1540 7865 -1 131 2.000000 7.586910 86.759743 235.811279 21.100000 -62.080002 -76.279999 1.139e+09 52.029999 1.139e+09 52.029999 23.030001 -0.761460 -5.612001 0.213016 0.213016 1.456e+03 0.000e+00 8.086e-06 1.497e+02 7.680e-06 5.130e-08 1.278e-06 -5.561
1880 7912 -1 131 2.000000 15.151320 126.664673 30.866220 39.950001 -65.169998 -5.720000 3.647e+09 75.680000 3.647e+09 75.680000 33.937000 -0.077177 -5.612001 -0.349445 -0.349445 4.462e-02 0.000e+00 2.478e-10 4.970e-02 2.354e-10 4.737e-09 1.223e-11 5.723
6578 8188 -1 131 2.000000 249.089905 168.975906 112.599136 44.529999 56.369999 19.500000 1.824e+09 64.750000 1.824e+09 64.750000 26.936001 -0.369666 -5.612001 0.968363 0.968363 6.674e+00 0.000e+00 3.707e-08 7.434e+00 3.521e-08 4.737e-09 3.660e-09 0.286
1908 8104 -1 131 2.000000 12.160910 180.353775 23.851789 60.380001 -11.340000 -59.770000 9.116e+08 51.650002 9.116e+08 51.650002 21.379000 -0.735413 -5.612001 -1.712351 -1.712351 5.366e+02 0.000e+00 2.980e-06 5.976e+02 2.831e-06 4.737e-09 5.886e-07 -4.477
2538 8271 -1 131 2.000000 20.934000 222.993637 75.237297 -4.550000 -52.610001 69.320000 9.116e+08 53.860001 9.116e+08 53.860001 21.379000 -1.148552 -5.612001 -0.483264 -0.483264 3.272e+02 0.000e+00 1.817e-06 3.644e+02 1.726e-06 4.737e-09 3.589e-07 -3.940
3125 8323 -1 131 2.000000 1.222650 215.721954 173.314987 23.840000 -27.450001 -62.430000 3.418e+09 80.760002 3.418e+09 80.760002 33.214001 -0.234646 -5.612001 -0.632216 -0.632216 6.049e-03 0.000e+00 3.360e-11 6.221e-04 3.192e-11 5.130e-08 1.770e-12 7.892
3157 8427 -1 131 2.000000 16.917910 232.091858 169.215073 55.389999 -185.320007 5.240000 1.596e+09 61.830002 1.596e+09 61.830002 25.763000 -0.720601 -5.612001 -1.840485 -1.840485 3.641e+00 0.000e+00 2.022e-08 3.468e+00 1.921e-08 5.539e-09 2.282e-09 0.944
1556 7887 -1 131 2.000000 23.961849 66.903732 243.519287 -38.980000 66.410004 23.340000 2.507e+09 71.129997 2.507e+09 71.129997 29.952000 0.134693 -5.612001 -1.675194 -1.675194 1.119e-01 0.000e+00 6.216e-10 1.246e-01 5.904e-10 4.737e-09 4.463e-11 4.724
1609 8827 -1 131 2.000000 32.629810 82.170174 220.602570 -92.629997 6.510000 -9.900000 1.596e+09 63.060001 1.596e+09 63.060001 25.763000 -0.564149 -5.612001 -0.348188 -0.348188 5.681e+00 0.000e+00 3.155e-08 6.328e+00 2.997e-08 4.737e-09 3.560e-09 0.460
3002 8083 -1 131 2.000000 29.114840 132.114304 184.664520 -50.330002 17.780001 174.639999 1.596e+09 60.110001 1.596e+09 60.110001 25.763000 -1.122650 -5.612001 1.784454 1.784454 6.834e+01 0.000e+00 3.796e-07 7.612e+01 3.606e-07 4.737e-09 4.283e-08 -2.240
1669 7997 -1 131 2.000000 32.434139 121.565559 229.919540 -51.500000 52.060001 -122.959999 1.139e+09 66.370003 1.139e+09 66.370003 23.030001 0.277962 -5.612001 -1.575935 -1.575935 8.247e-01 0.000e+00 4.581e-09 8.482e-02 4.352e-09 5.130e-08 7.238e-10 2.556
2469 8166 -1 131 2.000000 23.372620 194.521515 98.290176 37.450001 -86.230003 6.430000 1.367e+09 57.180000 1.367e+09 57.180000 24.473000 -1.475527 -5.612001 0.515292 0.515292 1.088e+02 0.000e+00 6.042e-07 1.212e+02 5.739e-07 4.737e-09 7.955e-08 -2.745
2259 9224 -1 131 2.000000 30.852909 174.963943 94.303467 26.400000 47.369999 113.730003 6.381e+09 115.389999 6.381e+09 115.389999 40.896000 -1.369297 -5.612001 0.186998 0.186998 4.351e-07 0.000e+00 2.417e-15 4.474e-08 2.295e-15 5.130e-08 6.818e-17 18.250
3545 8347 -1 131 2.000000 22.645950 195.858536 216.804413 61.349998 164.729996 -157.800003 4.557e+08 45.169998 4.557e+08 45.169998 16.968000 -0.111503 -5.612001 -1.257305 -1.257305 3.330e+04 0.000e+00 1.850e-04 3.710e+04 1.757e-04 4.737e-09 7.308e-05 -8.958
3549 9421 -1 131 2.000000 26.811859 197.367828 226.088943 133.990005 5.360000 -146.429993 1.139e+09 52.189999 1.139e+09 52.189999 23.030001 -0.772768 -5.612001 1.112771 1.112771 2.344e+03 0.000e+00 1.302e-05 2.411e+02 1.237e-05 5.130e-08 2.057e-06 -6.078
3118 8299 -1 131 2.000000 12.451460 205.246735 154.862335 -2.840000 74.239998 164.990005 3.647e+09 89.739998 3.647e+09 89.739998 33.937000 -0.489942 -5.612001 1.550678 1.550678 1.256e-03 0.000e+00 6.977e-12 1.399e-03 6.628e-12 4.737e-09 3.444e-13 9.599
3177 8414 -1 131 2.000000 25.856640 224.593018 155.309082 -56.290001 58.290001 263.519989 9.116e+08 50.880001 9.116e+08 50.880001 21.379000 -0.684934 -5.612001 1.091062 1.091062 4.748e+03 0.000e+00 2.637e-05 5.289e+03 2.505e-05 4.737e-09 5.209e-06 -6.844
94 8598 -1 131 2.000000 48.686100 38.849041 16.483431 -6.900000 49.669998 -94.930000 1.139e+09 57.900002 1.139e+09 57.900002 23.030001 -1.474030 -5.612001 1.406490 1.406490 1.353e+02 0.000e+00 7.515e-07 1.507e+02 7.139e-07 4.737e-09 1.187e-07 -2.982
1636 8843 -1 131 2.000000 53.992031 65.479202 236.934998 -165.149994 -1.810000 97.959999 9.116e+08 47.500000 9.116e+08 47.500000 21.379000 -0.331322 -5.612001 -0.759249 -0.759249 1.081e+04 0.000e+00 6.004e-05 1.204e+04 5.704e-05 4.737e-09 1.186e-05 -7.737
1246 8804 -1 131 2.000000 50.096451 83.853821 198.855026 -129.809998 -1.860000 25.230000 4.101e+09 80.070000 4.101e+09 80.070000 35.296001 -0.220028 -5.612001 -0.628573 -0.628573 7.697e-03 0.000e+00 4.275e-11 8.573e-03 4.061e-11 4.737e-09 1.877e-12 7.631
1257 8784 -1 131 2.000000 45.562660 72.343193 193.131546 -44.180000 15.510000 166.270004 3.647e+09 75.800003 3.647e+09 75.800003 33.937000 -0.077939 -5.612001 0.470876 0.470876 7.166e-02 0.000e+00 3.980e-10 7.369e-03 3.781e-10 5.130e-08 1.965e-11 5.208
1961 9011 -1 131 2.000000 57.761971 133.803467 42.990730 -159.550003 112.830002 -2.370000 2.963e+09 79.370003 2.963e+09 79.370003 31.667000 -0.205128 -5.612001 0.073583 0.073583 1.530e-02 0.000e+00 8.500e-11 1.705e-02 8.074e-11 4.737e-09 5.164e-12 6.885
2356 9148 -1 131 2.000000 57.943588 183.546661 81.623657 -132.970001 -62.709999 -3.710000 1.367e+09 61.990002 1.367e+09 61.990002 24.473000 -0.672474 -5.612001 -0.503504 -0.503504 7.972e+00 0.000e+00 4.428e-08 8.880e+00 4.206e-08 4.737e-09 5.830e-09 0.093
2128 9029 -1 131 2.000000 63.075050 158.999985 48.446060 -198.220001 6.150000 40.849998 2.735e+09 78.389999 2.735e+09 78.389999 30.834000 -0.166352 -5.612001 0.217522 0.217522 2.379e-02 0.000e+00 1.321e-10 2.447e-03 1.255e-10 5.130e-08 8.697e-12 6.406
2799 9319 -1 131 2.000000 40.885910 203.125137 105.830460 -80.459999 -209.990005 -81.980003 4.329e+09 105.940002 4.329e+09 105.940002 35.938000 -1.117308 -5.612001 0.759310 0.759310 6.901e-06 0.000e+00 3.833e-14 7.687e-06 3.641e-14 4.737e-09 1.594e-15 15.249
2505 9301 -1 131 2.000000 43.490139 200.438232 87.923203 42.119999 -112.279999 51.209999 9.116e+08 47.889999 9.116e+08 47.889999 21.379000 -0.368836 0.084468 -1.615454 -1.615454 5.007e+03 0.000e+00 2.781e-05 5.149e+02 2.642e-05 5.130e-08 5.492e-06 -6.902
2489 9304 -1 131 2.000000 44.742310 200.306183 88.072639 -103.010002 -76.129997 23.930000 1.367e+09 54.759998 1.367e+09 54.759998 24.473000 -1.223617 -5.612001 -0.400543 -0.400543 2.145e+02 0.000e+00 1.191e-06 2.043e+02 1.132e-06 5.539e-09 1.568e-07 -3.482
3466 9416 -1 131 2.000000 48.509628 182.496811 206.517227 29.450001 109.269997 5.620000 4.557e+08 60.580002 4.557e+08 60.580002 16.968000 -1.084282 -5.612001 -0.566644 -0.566644 1.276e+01 0.000e+00 7.087e-08 1.646e+01 6.732e-08 4.091e-09 2.800e-08 -0.418
3221 9386 -1 131 2.000000 51.312328 213.423935 197.334366 -124.040001 -21.469999 -64.040001 6.837e+08 61.580002 6.837e+08 61.580002 19.424000 -0.818211 -5.612001 0.156544 0.156544 1.387e+01 0.000e+00 7.706e-08 1.545e+01 7.320e-08 4.737e-09 2.029e-08 -0.509
3259 9501 -1 131 2.000000 47.422661 232.880341 163.079056 -1.250000 -11.440000 8.830000 1.367e+09 57.040001 1.367e+09 57.040001 24.473000 -1.475532 -5.612001 -0.703614 -0.703614 5.412e+01 0.000e+00 3.006e-07 6.028e+01 2.855e-07 4.737e-09 3.958e-08 -1.987
3269 9496 -1 131 2.000000 50.425270 238.909317 163.622177 24.770000 -96.529999 26.670000 9.116e+08 51.259998 9.116e+08 51.259998 21.379000 -0.709749 0.005888 -0.103951 -0.103951 1.821e+03 0.000e+00 1.011e-05 1.872e+02 9.606e-06 5.130e-08 1.997e-06 -5.804
881 9575 -1 131 2.000000 71.447006 4.202790 116.277603 -15.470000 90.900002 -69.790001 2.735e+09 70.830002 2.735e+09 70.830002 30.834000 0.186539 -5.612001 -0.428775 -0.428775 2.795e-01 0.000e+00 1.553e-09 3.113e-01 1.475e-09 4.737e-09 1.022e-10 3.731
601 9805 -1 131 2.000000 82.525978 61.219341 62.680489 -142.949997 9.310000 43.820000 2.279e+09 65.110001 2.279e+09 65.110001 29.016001 -0.260240 -5.612001 0.653748 0.653748 4.856e+00 0.000e+00 2.697e-08 5.409e+00 2.562e-08 4.737e-09 2.130e-09 0.631
1372 9832 -1 131 2.000000 85.611229 61.818588 150.293762 -136.460007 -63.849998 -49.840000 6.837e+08 44.869999 6.837e+08 44.869999 19.424000 -0.096563 -5.612001 1.463739 1.463739 2.195e+05 0.000e+00 1.219e-03 2.257e+04 1.158e-03 5.130e-08 3.210e-04 -11.003
688 9808 -1 131 2.000000 79.990021 77.273941 72.313942 -203.149994 -149.410004 -3.790000 1.139e+09 82.449997 1.139e+09 82.449997 23.030001 -0.279527 -5.612001 -0.054669 -0.054669 4.885e-03 0.000e+00 2.713e-11 5.441e-03 2.577e-11 4.737e-09 4.287e-12 8.124
1940 8976 -1 131 2.000000 59.353291 141.519638 16.498819 -53.900002 -18.520000 168.820007 6.837e+08 52.099998 6.837e+08 52.099998 19.424000 -0.766383 -5.612001 -0.105362 -0.105362 1.148e+03 0.000e+00 6.376e-06 1.279e+03 6.056e-06 4.737e-09 1.679e-06 -5.303
2837 9974 -1 131 2.000000 75.395538 133.993912 128.183640 42.889999 -47.230000 19.410000 4.557e+08 55.779999 4.557e+08 55.779999 16.968000 -1.414137 -5.612001 1.057948 1.057948 3.060e+02 0.000e+00 1.700e-06 3.147e+01 1.615e-06 5.130e-08 6.715e-07 -3.868
2207 10111 -1 131 2.000000 78.112381 193.316345 42.767200 -99.660004 40.369999 -77.239998 6.837e+08 51.840000 6.837e+08 51.840000 19.424000 -0.748295 -5.612001 -2.084196 -2.084196 3.825e+02 0.000e+00 2.124e-06 4.260e+02 2.018e-06 4.737e-09 5.594e-07 -4.110
3107 10156 -1 131 2.000000 63.320610 183.321945 166.167862 -85.580002 150.449997 113.639999 1.139e+09 69.230003 1.139e+09 69.230003 23.030001 0.277866 -5.612001 -0.704348 -0.704348 4.504e-01 0.000e+00 2.502e-09 4.632e-02 2.376e-09 5.130e-08 3.953e-10 3.213
144 10332 -1 131 2.000000 90.043823 16.540819 17.764170 157.699997 109.860001 14.970000 2.507e+09 67.570000 2.507e+09 67.570000 29.952000 0.277973 -5.612001 -0.002499 -0.002499 1.360e+00 0.000e+00 7.555e-09 1.515e+00 7.177e-09 4.737e-09 5.425e-10 2.012
183 10304 -1 131 2.000000 94.428993 15.383620 5.761320 131.380005 128.369995 2.800000 2.279e+09 64.860001 2.279e+09 64.860001 29.016001 -0.351606 -5.612001 -0.656165 -0.656165 2.306e+00 0.000e+00 1.281e-08 2.371e-01 1.217e-08 5.130e-08 1.012e-09 1.439
1044 9886 -1 131 2.000000 79.443466 104.676323 129.310486 36.770000 65.449997 25.950001 4.557e+08 49.389999 4.557e+08 49.389999 16.968000 -0.512015 -5.612001 -3.284809 -3.284809 7.384e+02 0.000e+00 4.101e-06 8.224e+02 3.896e-06 4.737e-09 1.620e-06 -4.824
3064 10936 -1 131 2.000000 107.287727 132.443634 155.220428 -67.180000 -121.580002 -15.920000 4.557e+08 46.849998 4.557e+08 46.849998 16.968000 -0.269375 -5.612001 -1.272406 -1.272406 1.163e+04 0.000e+00 6.462e-05 1.296e+04 6.139e-05 4.737e-09 2.553e-05 -7.817
2924 11003 -1 131 2.000000 96.715912 156.396576 114.830338 -56.099998 68.360001 -109.419998 9.116e+08 48.549999 9.116e+08 48.549999 21.379000 -0.421503 -5.612001 -1.708350 -1.708350 3.200e+03 0.000e+00 1.778e-05 3.565e+03 1.689e-05 4.737e-09 3.511e-06 -6.416
573 10389 -1 131 2.000000 117.610947 2.090680 63.331200 71.849998 143.929993 -120.720001 2.735e+09 92.709999 2.735e+09 92.709999 30.834000 -0.647449 -5.612001 -0.100975 -0.100975 1.739e-04 0.000e+00 9.657e-13 1.936e-04 9.173e-13 4.737e-09 6.356e-14 11.746
5293 10572 -1 131 2.000000 125.173767 30.195570 227.872253 -165.639999 -62.900002 201.119995 1.824e+09 62.119999 1.824e+09 62.119999 26.936001 -0.650552 -5.612001 -0.053973 -0.053973 1.005e+01 0.000e+00 5.581e-08 1.119e+01 5.302e-08 4.737e-09 5.511e-09 -0.159
979 10496 -1 131 2.000000 122.951820 47.765339 118.672569 -29.610001 89.230003 -91.290001 9.116e+08 49.860001 9.116e+08 49.860001 21.379000 -0.561715 0.019196 -1.302047 -1.302047 1.913e+03 0.000e+00 1.063e-05 2.131e+03 1.009e-05 4.737e-09 2.098e-06 -5.857
983 10506 -1 131 2.000000 122.698578 48.077740 118.586983 92.889999 79.940002 -123.000000 9.116e+08 49.070000 9.116e+08 49.070000 21.379000 -0.472434 0.020200 -0.989501 -0.989501 3.694e+03 0.000e+00 2.052e-05 3.800e+02 1.949e-05 5.130e-08 4.053e-06 -6.572
1863 10805 -1 131 2.000000 107.634811 103.587379 240.296432 -32.669998 -7.230000 110.139999 1.367e+09 64.410004 1.367e+09 64.410004 24.473000 -0.424127 -5.612001 -0.569803 -0.569803 2.884e+00 0.000e+00 1.602e-08 3.212e+00 1.522e-08 4.737e-09 2.109e-09 1.197
2884 10866 -1 131 2.000000 120.269257 125.699371 115.251648 -45.400002 -163.149994 -80.720001 3.418e+09 75.349998 3.418e+09 75.349998 33.214001 -0.070670 -5.612001 1.303843 1.303843 1.429e-01 0.000e+00 7.935e-10 1.591e-01 7.538e-10 4.737e-09 4.180e-11 4.459
1080 10871 -1 131 2.000000 121.576241 124.072327 113.960251 -159.270004 -77.519997 -32.700001 1.139e+09 58.400002 1.139e+09 58.400002 23.030001 -1.390344 0.056167 -1.516094 -1.516094 1.750e+01 0.000e+00 9.721e-08 1.800e+00 9.234e-08 5.130e-08 1.536e-08 -0.761
2879 10894 -1 131 2.000000 116.525543 125.441299 110.899277 -11.120000 -16.209999 142.320007 1.824e+09 60.389999 1.824e+09 60.389999 26.936001 -1.102499 0.007300 1.092473 1.092473 3.920e+01 0.000e+00 2.178e-07 3.735e+01 2.069e-07 5.539e-09 2.150e-08 -1.637
6026 10829 -1 131 2.000000 127.240913 142.530518 71.554520 -104.370003 -44.549999 76.430000 4.557e+08 45.990002 4.557e+08 45.990002 16.968000 -0.179279 -5.612001 0.435995 0.435995 5.761e+04 0.000e+00 3.200e-04 6.417e+04 3.040e-04 4.737e-09 1.264e-04 -9.553
2433 10975 -1 131 2.000000 115.366608 171.672134 62.761520 -90.820000 -22.290001 38.639999 2.279e+09 69.830002 2.279e+09 69.830002 29.016001 0.277753 -5.612001 0.549569 0.549569 7.834e-01 0.000e+00 4.351e-09 8.726e-01 4.133e-09 4.737e-09 3.437e-10 2.612
3729 11263 -1 131 2.000000 137.858932 16.153549 38.130409 33.709999 -153.039993 -71.139999 1.367e+09 56.490002 1.367e+09 56.490002 24.473000 -1.474591 -5.612001 1.617492 1.617492 3.025e+02 0.000e+00 1.680e-06 3.370e+02 1.596e-06 4.737e-09 2.212e-07 -3.855
4928 11464 -1 131 2.000000 128.523575 48.465149 180.350571 62.680000 -126.629997 28.540001 1.596e+09 58.110001 1.596e+09 58.110001 25.763000 -1.456628 -5.612001 0.691106 0.691106 7.863e+01 0.000e+00 4.368e-07 8.759e+01 4.149e-07 4.737e-09 4.928e-08 -2.392
1377 11408 -1 131 2.000000 123.931358 53.833241 163.160065 38.490002 -6.990000 19.110001 4.557e+08 37.950001 4.557e+08 37.950001 16.968000 0.111730 -5.612001 -0.323539 -0.323539 3.221e+06 0.000e+00 1.789e-02 3.587e+06 1.699e-02 4.737e-09 7.067e-03 -13.899
3860 11507 -1 131 2.000000 133.834656 70.502792 7.130960 7.820000 38.900002 105.180000 2.963e+09 73.989998 2.963e+09 73.989998 31.667000 -0.027021 0.035912 0.548244 0.548244 1.477e-01 0.000e+00 8.205e-10 1.645e-01 7.794e-10 4.737e-09 4.985e-11 4.423
3846 11509 -1 131 2.000000 133.929337 70.497391 7.198880 -24.600000 39.619999 88.940002 2.963e+09 73.070000 2.963e+09 73.070000 31.667000 0.318961 0.037036 1.012721 1.012721 3.073e-01 0.000e+00 1.707e-09 3.161e-02 1.621e-09 5.130e-08 1.037e-10 3.628
3073 11814 -1 131 2.000000 121.928703 131.261841 197.385803 112.760002 -121.000000 28.879999 2.279e+09 68.389999 2.279e+09 68.389999 29.016001 0.277945 -5.612001 -0.430973 -0.430973 7.470e-01 0.000e+00 4.149e-09 8.320e-01 3.941e-09 4.737e-09 3.277e-10 2.663
6475 11931 -1 131 2.000000 145.210617 181.733521 111.189888 0.730000 126.190002 -129.789993 1.596e+09 64.900002 1.596e+09 64.900002 25.763000 -0.344866 -5.612001 -0.956928 -0.956928 1.880e+00 0.000e+00 1.044e-08 2.094e+00 9.919e-09 4.737e-09 1.178e-09 1.661
6629 11943 -1 131 2.000000 131.107407 196.662399 137.990387 11.300000 101.860001 145.850006 1.824e+09 65.489998 1.824e+09 65.489998 26.936001 -0.117780 -5.612001 0.743181 0.743181 4.564e+00 0.000e+00 2.535e-08 5.084e+00 2.408e-08 4.737e-09 2.503e-09 0.698
4492 12196 -1 131 2.000000 166.157944 8.949940 122.018311 -13.780000 -17.610001 -88.940002 2.963e+09 78.449997 2.963e+09 78.449997 31.667000 -0.169258 -5.612001 0.424673 0.424673 2.653e-02 0.000e+00 1.474e-10 2.955e-02 1.400e-10 4.737e-09 8.953e-12 6.287
6789 12663 -1 131 2.000000 149.674805 139.927841 181.321716 256.880005 -24.940001 94.059998 1.596e+09 58.160000 1.596e+09 58.160000 25.763000 -1.442986 -5.612001 -0.886824 -0.886824 2.864e+01 0.000e+00 1.591e-07 3.190e+01 1.511e-07 4.737e-09 1.795e-08 -1.296
7232 11977 -1 131 2.000000 149.869797 200.154785 230.237350 132.720001 -88.550003 -13.580000 2.735e+09 70.120003 2.735e+09 70.120003 30.834000 0.271386 -5.612001 0.509880 0.509880 6.810e-01 0.000e+00 3.783e-09 7.586e-01 3.593e-09 4.737e-09 2.490e-10 2.764
7227 11981 -1 131 2.000000 153.112061 193.672211 244.469788 43.520000 -33.099998 -3.500000 6.837e+08 43.700001 6.837e+08 43.700001 19.424000 -0.032202 -5.612001 -0.558980 -0.558980 1.292e+05 0.000e+00 7.178e-04 1.329e+04 6.819e-04 5.130e-08 1.890e-04 -10.429
6622 12029 -1 131 2.000000 151.660004 233.689743 127.487518 34.660000 86.320000 -41.160000 1.596e+09 65.480003 1.596e+09 65.480003 25.763000 -0.131229 -5.612001 -0.633381 -0.633381 1.921e+00 0.000e+00 1.067e-08 2.139e+00 1.013e-08 4.737e-09 1.204e-09 1.638
4518 12295 -1 131 2.000000 174.062912 49.686939 111.741966 -12.420000 36.490002 -139.899994 1.824e+09 62.740002 1.824e+09 62.740002 26.936001 -0.590085 -5.612001 -0.394424 -0.394424 6.294e+00 0.000e+00 3.496e-08 7.010e+00 3.321e-08 4.737e-09 3.451e-09 0.349
5518 12458 -1 131 2.000000 180.349365 84.490341 215.250061 67.860001 -15.040000 14.620000 5.241e+09 130.139999 5.241e+09 130.139999 38.300999 -1.534121 -5.612001 -1.213351 -1.213351 6.404e-09 0.000e+00 3.557e-17 7.134e-09 3.379e-17 4.737e-09 1.222e-18 22.830
5546 12691 -1 131 2.000000 165.548264 124.459877 202.532104 234.389999 35.090000 -74.330002 1.824e+09 66.239998 1.824e+09 66.239998 26.936001 0.277959 -5.612001 -0.145510 -0.145510 2.141e+00 0.000e+00 1.189e-08 2.384e+00 1.129e-08 4.737e-09 1.174e-09 1.520
5198 13280 -1 131 2.000000 210.968185 77.023949 154.503418 29.070000 -19.170000 167.059998 2.735e+09 72.029999 2.735e+09 72.029999 30.834000 0.070652 -5.612001 -1.247046 -1.247046 1.020e-01 0.000e+00 5.667e-10 1.136e-01 5.383e-10 4.737e-09 3.730e-11 4.825
5259 13446 -1 131 2.000000 193.935944 107.571228 174.873718 42.009998 -4.760000 77.980003 4.557e+08 48.490002 4.557e+08 48.490002 16.968000 -0.416665 -5.612001 -1.523203 -1.523203 3.722e+03 0.000e+00 2.068e-05 4.146e+03 1.964e-05 4.737e-09 8.168e-06 -6.580
5022 14079 -1 131 2.000000 225.596161 1.258830 189.141495 -60.279999 58.009998 39.790001 2.963e+09 81.709999 2.963e+09 81.709999 31.667000 -0.260619 -5.612001 0.389352 0.389352 8.315e-03 0.000e+00 4.618e-11 9.262e-03 4.387e-11 4.737e-09 2.806e-12 7.547
6362 13916 -1 131 2.000000 208.346893 246.263565 92.791862 70.510002 -0.820000 -30.920000 5.925e+09 105.230003 5.925e+09 105.230003 39.897999 -1.116251 -5.612001 -0.835767 -0.835767 3.016e-06 0.000e+00 1.675e-14 3.102e-07 1.591e-14 5.130e-08 5.090e-16 16.148
4019 14117 -1 131 2.000000 218.642899 41.402210 17.237320 144.940002 -3.630000 -27.790001 2.279e+09 69.230003 2.279e+09 69.230003 29.016001 0.277866 -5.612001 0.285017 0.285017 8.397e-01 0.000e+00 4.664e-09 9.353e-01 4.430e-09 4.737e-09 3.684e-10 2.536
5111 14237 -1 131 2.000000 230.842117 59.292400 170.875092 -87.720001 -122.940002 -17.250000 1.139e+09 55.139999 1.139e+09 55.139999 23.030001 -1.307156 -5.612001 -1.921248 -1.921248 6.674e+01 0.000e+00 3.707e-07 6.864e+00 3.522e-07 5.130e-08 5.858e-08 -2.215
4435 14448 -1 131 2.000000 230.832474 123.275726 98.800117 -64.440002 95.139999 -26.480000 6.837e+09 126.650002 6.837e+09 126.650002 41.848000 -1.534121 -5.612001 -1.554481 -1.554481 1.083e-08 0.000e+00 6.014e-17 1.206e-08 5.713e-17 4.737e-09 1.584e-18 22.260
6294 14694 -1 131 2.000000 222.920731 166.271545 77.738747 45.709999 -77.339996 -35.900002 4.557e+08 49.029999 4.557e+08 49.029999 16.968000 -0.467726 -5.612001 -0.367023 -0.367023 5.585e+03 0.000e+00 3.102e-05 6.221e+03 2.947e-05 4.737e-09 1.225e-05 -7.021
6011 13866 -1 131 2.000000 222.348953 247.095306 5.525470 -36.959999 -39.099998 -58.230000 4.557e+08 40.669998 4.557e+08 40.669998 16.968000 0.106106 -5.612001 -1.094198 -1.094198 6.110e+05 0.000e+00 3.394e-03 6.806e+05 3.224e-03 4.737e-09 1.341e-03 -12.110
4006 14021 -1 131 2.000000 234.292130 9.365140 40.452721 3.960000 44.290001 31.770000 6.837e+08 51.189999 6.837e+08 51.189999 19.424000 -0.705177 -5.612001 -0.630018 -0.630018 1.361e+03 0.000e+00 7.561e-06 1.516e+03 7.182e-06 4.737e-09 1.991e-06 -5.488
4039 14150 -1 131 2.000000 234.274796 54.002750 20.061859 -34.740002 -18.840000 13.360000 2.507e+09 71.339996 2.507e+09 71.339996 29.952000 0.090141 -5.612001 0.604504 0.604504 4.286e-01 0.000e+00 2.380e-09 4.774e-01 2.261e-09 4.737e-09 1.709e-10 3.266
4020 14121 -1 131 2.000000 236.004150 49.252460 13.821250 -3.640000 -24.959999 83.449997 1.139e+09 53.490002 1.139e+09 53.490002 23.030001 -1.018739 0.006143 0.144425 0.144425 6.078e+02 0.000e+00 3.376e-06 6.251e+01 3.207e-06 5.130e-08 5.334e-07 -4.613
7074 14750 -1 131 2.000000 239.391846 182.644348 189.483337 -0.410000 -48.860001 48.720001 2.279e+09 72.410004 2.279e+09 72.410004 29.016001 0.254863 -5.612001 0.091548 0.091548 2.164e-01 0.000e+00 1.202e-09 2.410e-01 1.142e-09 4.737e-09 9.494e-11 4.008
